Procedure Summary

Plate Type	384 WELL PLATE
Shake	Shake: Medium for 0:03
Start Kinetic	Start Kinetic [Run 0:06:00, Interval 0:00:07]
Read	Read:  (A) 550
End Kinetic	End Kinetic
Read	Read:  (A) Spectrum [500nm to 650nm by 1]

Layout
	1	2	3	4	5	6	7	8	9	10	11	12	13	14	15	16	17	18	19	20	21	22	23	24
A	SPL1	SPL8	SPL15																						Well ID
																									Name
B	SPL2	SPL9	SPL16																						Well ID
																									Name
C	SPL3	SPL10	SPL17																						Well ID
																									Name
D	SPL4	SPL11	SPL18																						Well ID
																									Name
E	SPL5	SPL12	SPL19																						Well ID
																									Name
F	SPL6	SPL13	SPL20																						Well ID
																									Name
G	SPL7	SPL14	SPL21																						Well ID
																									Name
H																									Well ID
																									Name
I																									Well ID
																									Name
J																									Well ID
																									Name
K																									Well ID
																									Name
L																									Well ID
																									Name
M																									Well ID
																									Name
N																									Well ID
																									Name
O																									Well ID
																									Name
P																									Well ID
																									Name

Read 1:550

Kinetic read	A1	A2	A3	B1	B2	B3	C1	C2	C3	D1	D2	D3	E1	E2	E3	F1	F2	F3	G1	G2	G3
0:00:04	0,340	0,348	0,318	0,221	0,397	0,224	0,296	0,315	0,262	0,201	0,464	0,324	0,335	0,332	0,270	0,212	0,462	0,239	0,343	0,349	0,286
0:00:11	0,341	0,346	0,322	0,233	0,400	0,232	0,298	0,315	0,265	0,210	0,461	0,337	0,337	0,334	0,272	0,224	0,461	0,253	0,346	0,349	0,288
0:00:18	0,343	0,345	0,324	0,242	0,402	0,241	0,299	0,315	0,266	0,218	0,462	0,350	0,339	0,335	0,273	0,234	0,462	0,266	0,348	0,348	0,290
0:00:25	0,344	0,346	0,325	0,250	0,404	0,247	0,300	0,315	0,268	0,224	0,461	0,362	0,341	0,336	0,274	0,242	0,463	0,275	0,350	0,348	0,292
0:00:32	0,346	0,347	0,326	0,257	0,406	0,254	0,301	0,315	0,269	0,231	0,459	0,374	0,343	0,336	0,275	0,250	0,462	0,283	0,352	0,348	0,293
0:00:39	0,347	0,348	0,327	0,264	0,407	0,259	0,303	0,316	0,269	0,237	0,458	0,379	0,344	0,336	0,276	0,258	0,463	0,291	0,353	0,349	0,295
0:00:46	0,348	0,347	0,328	0,270	0,409	0,264	0,304	0,315	0,270	0,243	0,457	0,384	0,346	0,337	0,277	0,265	0,463	0,297	0,355	0,348	0,296
0:00:53	0,349	0,348	0,329	0,276	0,410	0,268	0,305	0,315	0,271	0,249	0,458	0,388	0,347	0,337	0,278	0,272	0,464	0,304	0,356	0,349	0,297
0:01:00	0,350	0,348	0,330	0,281	0,411	0,272	0,306	0,317	0,272	0,255	0,460	0,395	0,349	0,337	0,279	0,278	0,464	0,311	0,357	0,349	0,298
0:01:07	0,351	0,349	0,331	0,287	0,412	0,277	0,307	0,315	0,273	0,261	0,459	0,403	0,350	0,338	0,279	0,284	0,465	0,316	0,359	0,349	0,299
0:01:14	0,353	0,350	0,331	0,292	0,413	0,282	0,308	0,315	0,273	0,266	0,458	0,406	0,352	0,340	0,280	0,292	0,465	0,322	0,360	0,349	0,300
0:01:21	0,353	0,349	0,332	0,296	0,414	0,285	0,309	0,316	0,274	0,272	0,459	0,408	0,353	0,341	0,280	0,298	0,465	0,326	0,361	0,349	0,301
0:01:28	0,354	0,350	0,332	0,301	0,415	0,288	0,310	0,317	0,275	0,277	0,460	0,415	0,354	0,341	0,281	0,304	0,467	0,332	0,362	0,349	0,302
0:01:35	0,355	0,350	0,333	0,305	0,416	0,291	0,311	0,317	0,276	0,281	0,459	0,421	0,355	0,341	0,281	0,309	0,466	0,337	0,363	0,349	0,303
0:01:42	0,356	0,351	0,334	0,309	0,417	0,296	0,311	0,317	0,276	0,286	0,459	0,424	0,356	0,342	0,282	0,314	0,466	0,342	0,364	0,350	0,303
0:01:49	0,357	0,351	0,334	0,314	0,418	0,298	0,312	0,317	0,277	0,290	0,462	0,428	0,357	0,342	0,282	0,319	0,467	0,346	0,365	0,350	0,304
0:01:56	0,357	0,351	0,334	0,318	0,418	0,301	0,312	0,317	0,277	0,294	0,461	0,431	0,358	0,342	0,283	0,325	0,467	0,350	0,366	0,350	0,304
0:02:03	0,358	0,351	0,335	0,321	0,419	0,304	0,313	0,317	0,277	0,298	0,461	0,434	0,359	0,342	0,283	0,329	0,468	0,354	0,367	0,350	0,305
0:02:10	0,359	0,352	0,336	0,325	0,420	0,308	0,314	0,318	0,278	0,302	0,461	0,439	0,360	0,343	0,284	0,333	0,467	0,358	0,367	0,350	0,306
0:02:17	0,359	0,352	0,336	0,329	0,420	0,310	0,314	0,317	0,279	0,305	0,461	0,443	0,360	0,343	0,284	0,338	0,468	0,362	0,368	0,350	0,306
0:02:24	0,360	0,353	0,337	0,332	0,421	0,313	0,315	0,318	0,279	0,309	0,460	0,447	0,361	0,343	0,284	0,342	0,468	0,366	0,369	0,350	0,306
0:02:31	0,360	0,353	0,336	0,335	0,421	0,315	0,315	0,318	0,280	0,312	0,460	0,452	0,361	0,343	0,285	0,345	0,468	0,370	0,369	0,350	0,307
0:02:38	0,360	0,353	0,337	0,338	0,422	0,317	0,315	0,318	0,280	0,315	0,460	0,454	0,362	0,343	0,286	0,349	0,468	0,374	0,370	0,350	0,307
0:02:45	0,361	0,353	0,337	0,341	0,422	0,321	0,316	0,318	0,281	0,318	0,460	0,456	0,362	0,343	0,285	0,353	0,468	0,378	0,370	0,350	0,308
0:02:52	0,361	0,354	0,337	0,344	0,423	0,321	0,316	0,318	0,280	0,321	0,462	0,463	0,363	0,343	0,286	0,357	0,468	0,381	0,371	0,350	0,308
0:02:59	0,362	0,354	0,338	0,347	0,423	0,324	0,317	0,318	0,281	0,324	0,461	0,464	0,363	0,343	0,286	0,360	0,468	0,385	0,371	0,350	0,309
0:03:06	0,362	0,354	0,338	0,350	0,424	0,325	0,318	0,318	0,282	0,327	0,461	0,464	0,364	0,344	0,287	0,364	0,468	0,388	0,372	0,351	0,309
0:03:13	0,362	0,355	0,339	0,353	0,424	0,328	0,318	0,318	0,282	0,330	0,462	0,468	0,365	0,344	0,287	0,367	0,467	0,392	0,372	0,351	0,309
0:03:20	0,363	0,355	0,339	0,355	0,425	0,331	0,318	0,318	0,282	0,332	0,460	0,473	0,365	0,344	0,287	0,371	0,468	0,395	0,373	0,351	0,310
0:03:27	0,363	0,355	0,339	0,358	0,425	0,332	0,318	0,319	0,282	0,335	0,460	0,477	0,365	0,344	0,287	0,374	0,468	0,399	0,373	0,351	0,310
0:03:34	0,364	0,356	0,339	0,360	0,426	0,333	0,318	0,319	0,282	0,338	0,462	0,480	0,365	0,344	0,288	0,377	0,467	0,402	0,373	0,351	0,310
0:03:41	0,363	0,356	0,339	0,363	0,425	0,336	0,318	0,319	0,282	0,340	0,461	0,485	0,366	0,344	0,287	0,381	0,467	0,405	0,373	0,351	0,311
0:03:48	0,364	0,358	0,340	0,365	0,426	0,338	0,319	0,319	0,283	0,343	0,459	0,482	0,366	0,345	0,288	0,384	0,465	0,409	0,374	0,351	0,311
0:03:55	0,365	0,358	0,340	0,367	0,427	0,342	0,319	0,318	0,283	0,345	0,459	0,489	0,367	0,344	0,288	0,387	0,466	0,411	0,374	0,351	0,311
0:04:02	0,365	0,359	0,341	0,370	0,427	0,344	0,320	0,320	0,285	0,347	0,459	0,490	0,367	0,345	0,288	0,389	0,465	0,413	0,374	0,351	0,311
0:04:09	0,365	0,359	0,339	0,372	0,427	0,345	0,320	0,319	0,284	0,350	0,460	0,496	0,367	0,345	0,288	0,393	0,466	0,416	0,375	0,351	0,311
0:04:16	0,366	0,360	0,340	0,374	0,427	0,347	0,321	0,320	0,284	0,352	0,459	0,495	0,368	0,345	0,289	0,396	0,466	0,419	0,375	0,351	0,312
0:04:23	0,366	0,360	0,341	0,376	0,428	0,348	0,320	0,319	0,284	0,354	0,461	0,501	0,368	0,345	0,288	0,399	0,466	0,421	0,375	0,351	0,312
0:04:30	0,366	0,360	0,341	0,378	0,427	0,352	0,320	0,318	0,285	0,356	0,460	0,502	0,368	0,345	0,289	0,402	0,467	0,424	0,375	0,351	0,312
0:04:37	0,366	0,360	0,341	0,380	0,428	0,352	0,321	0,319	0,285	0,359	0,460	0,502	0,368	0,345	0,289	0,404	0,466	0,427	0,376	0,351	0,313
0:04:44	0,366	0,360	0,341	0,383	0,429	0,354	0,321	0,320	0,285	0,361	0,459	0,508	0,369	0,345	0,289	0,406	0,465	0,432	0,376	0,351	0,313
0:04:51	0,367	0,361	0,341	0,385	0,428	0,358	0,321	0,319	0,285	0,363	0,461	0,512	0,369	0,345	0,290	0,408	0,465	0,435	0,377	0,351	0,313
0:04:58	0,367	0,361	0,342	0,387	0,429	0,358	0,322	0,319	0,286	0,365	0,461	0,510	0,369	0,346	0,290	0,411	0,466	0,439	0,377	0,351	0,314
0:05:05	0,367	0,361	0,342	0,389	0,430	0,361	0,321	0,320	0,285	0,367	0,460	0,515	0,369	0,346	0,290	0,414	0,465	0,439	0,377	0,351	0,314
0:05:12	0,368	0,360	0,342	0,397	0,431	0,363	0,323	0,320	0,286	0,369	0,461	0,518	0,370	0,345	0,290	0,415	0,465	0,444	0,378	0,351	0,314
0:05:19	0,368	0,361	0,342	0,400	0,432	0,362	0,323	0,319	0,286	0,371	0,460	0,516	0,370	0,345	0,290	0,418	0,465	0,446	0,378	0,351	0,315
0:05:26	0,369	0,361	0,342	0,403	0,432	0,366	0,322	0,319	0,286	0,373	0,461	0,518	0,370	0,346	0,290	0,421	0,464	0,448	0,378	0,351	0,315
0:05:33	0,369	0,362	0,342	0,406	0,433	0,369	0,323	0,319	0,287	0,375	0,459	0,523	0,370	0,346	0,291	0,424	0,465	0,450	0,378	0,351	0,316
0:05:40	0,369	0,362	0,343	0,409	0,433	0,370	0,323	0,318	0,287	0,377	0,459	0,530	0,370	0,345	0,291	0,426	0,465	0,455	0,379	0,351	0,316
0:05:47	0,369	0,363	0,343	0,412	0,433	0,373	0,324	0,319	0,288	0,379	0,459	0,531	0,371	0,345	0,291	0,427	0,462	0,460	0,378	0,352	0,316
0:05:54	0,369	0,364	0,343	0,414	0,433	0,374	0,323	0,319	0,287	0,381	0,460	0,531	0,371	0,346	0,291	0,432	0,466	0,462	0,379	0,352	0,317
0:06:01	0,369	0,364	0,343	0,417	0,434	0,374	0,323	0,319	0,287	0,383	0,459	0,536	0,371	0,346	0,292	0,434	0,464	0,463	0,379	0,352	0,317

Read 2:EM Spectrum

Wavelength	A1	A2	A3	B1	B2	B3	C1	C2	C3	D1	D2	D3	E1	E2	E3	F1	F2	F3	G1	G2	G3
500	0,341	0,365	0,312	0,361	0,407	0,330	0,290	0,312	0,268	0,318	0,440	0,501	0,333	0,342	0,271	0,374	0,437	0,425	0,346	0,345	0,292
501	0,341	0,365	0,312	0,362	0,408	0,337	0,289	0,311	0,269	0,319	0,440	0,559	0,329	0,343	0,272	0,376	0,437	0,427	0,341	0,346	0,292
502	0,342	0,365	0,313	0,365	0,409	0,339	0,289	0,312	0,270	0,321	0,440	0,565	0,329	0,343	0,273	0,379	0,437	0,429	0,341	0,346	0,293
503	0,344	0,365	0,314	0,369	0,410	0,343	0,291	0,312	0,271	0,325	0,441	0,568	0,331	0,344	0,274	0,383	0,438	0,432	0,343	0,346	0,294
504	0,345	0,365	0,315	0,371	0,411	0,345	0,291	0,312	0,271	0,327	0,441	0,571	0,332	0,344	0,275	0,385	0,439	0,434	0,344	0,346	0,295
505	0,345	0,365	0,316	0,372	0,411	0,347	0,292	0,312	0,272	0,329	0,441	0,571	0,333	0,344	0,275	0,387	0,439	0,435	0,345	0,346	0,296
506	0,346	0,365	0,316	0,374	0,412	0,348	0,293	0,312	0,272	0,331	0,442	0,573	0,334	0,344	0,276	0,388	0,440	0,436	0,346	0,346	0,296
507	0,347	0,366	0,317	0,376	0,413	0,350	0,295	0,312	0,273	0,333	0,442	0,574	0,336	0,344	0,277	0,391	0,441	0,438	0,347	0,347	0,298
508	0,348	0,366	0,318	0,379	0,414	0,353	0,296	0,312	0,274	0,336	0,443	0,576	0,336	0,345	0,278	0,393	0,441	0,440	0,348	0,347	0,298
509	0,349	0,366	0,319	0,382	0,415	0,356	0,297	0,312	0,275	0,339	0,443	0,579	0,338	0,345	0,278	0,397	0,442	0,443	0,349	0,347	0,299
510	0,350	0,366	0,320	0,384	0,416	0,358	0,298	0,312	0,275	0,342	0,444	0,580	0,339	0,345	0,279	0,399	0,442	0,444	0,351	0,347	0,300
511	0,351	0,366	0,320	0,385	0,416	0,359	0,299	0,312	0,276	0,343	0,444	0,581	0,341	0,345	0,279	0,401	0,443	0,445	0,352	0,348	0,300
512	0,352	0,366	0,320	0,385	0,416	0,360	0,299	0,313	0,276	0,344	0,444	0,580	0,341	0,345	0,279	0,401	0,443	0,445	0,352	0,348	0,301
513	0,352	0,366	0,320	0,386	0,417	0,360	0,300	0,313	0,276	0,344	0,444	0,580	0,342	0,345	0,279	0,402	0,443	0,445	0,353	0,348	0,301
514	0,352	0,366	0,320	0,386	0,417	0,361	0,300	0,313	0,276	0,345	0,445	0,580	0,343	0,345	0,280	0,403	0,443	0,445	0,354	0,348	0,302
515	0,354	0,366	0,321	0,389	0,419	0,364	0,301	0,313	0,277	0,348	0,445	0,582	0,344	0,345	0,281	0,405	0,444	0,447	0,355	0,348	0,303
516	0,354	0,367	0,322	0,392	0,420	0,366	0,302	0,313	0,278	0,350	0,445	0,584	0,345	0,345	0,282	0,408	0,444	0,449	0,355	0,348	0,304
517	0,356	0,367	0,324	0,396	0,421	0,370	0,304	0,313	0,279	0,354	0,445	0,589	0,346	0,346	0,284	0,412	0,445	0,454	0,357	0,349	0,305
518	0,357	0,367	0,325	0,399	0,421	0,373	0,305	0,313	0,280	0,357	0,446	0,591	0,348	0,347	0,284	0,416	0,446	0,457	0,358	0,349	0,306
519	0,357	0,366	0,324	0,397	0,421	0,372	0,305	0,313	0,279	0,357	0,447	0,589	0,349	0,346	0,283	0,415	0,446	0,455	0,360	0,349	0,305
520	0,357	0,366	0,323	0,395	0,421	0,371	0,305	0,314	0,279	0,356	0,447	0,585	0,349	0,345	0,282	0,412	0,446	0,452	0,360	0,348	0,305
521	0,356	0,366	0,322	0,392	0,421	0,368	0,304	0,314	0,278	0,353	0,446	0,581	0,348	0,344	0,281	0,410	0,446	0,449	0,359	0,348	0,305
522	0,355	0,367	0,323	0,393	0,421	0,368	0,304	0,314	0,279	0,352	0,446	0,583	0,347	0,345	0,282	0,409	0,446	0,450	0,357	0,349	0,305
523	0,354	0,367	0,323	0,393	0,421	0,367	0,303	0,313	0,279	0,351	0,446	0,585	0,345	0,346	0,283	0,409	0,445	0,451	0,355	0,349	0,304
524	0,354	0,367	0,323	0,392	0,421	0,366	0,302	0,313	0,279	0,350	0,445	0,586	0,344	0,346	0,283	0,408	0,445	0,452	0,354	0,349	0,303
525	0,353	0,367	0,323	0,392	0,420	0,365	0,301	0,313	0,279	0,348	0,445	0,587	0,342	0,347	0,283	0,407	0,445	0,452	0,353	0,350	0,302
526	0,352	0,367	0,323	0,390	0,420	0,363	0,300	0,313	0,278	0,346	0,445	0,586	0,340	0,347	0,283	0,404	0,444	0,450	0,351	0,350	0,302
527	0,351	0,367	0,323	0,389	0,419	0,362	0,299	0,313	0,278	0,344	0,444	0,587	0,339	0,347	0,283	0,403	0,443	0,450	0,350	0,350	0,301
528	0,351	0,367	0,323	0,388	0,417	0,362	0,299	0,313	0,278	0,344	0,445	0,586	0,339	0,348	0,282	0,403	0,443	0,450	0,350	0,350	0,300
529	0,350	0,366	0,321	0,381	0,415	0,357	0,298	0,314	0,276	0,339	0,445	0,580	0,339	0,346	0,280	0,397	0,443	0,444	0,350	0,350	0,299
530	0,348	0,365	0,318	0,373	0,414	0,351	0,296	0,314	0,274	0,333	0,445	0,569	0,338	0,344	0,277	0,389	0,443	0,436	0,349	0,349	0,297
531	0,345	0,364	0,315	0,365	0,414	0,344	0,294	0,314	0,273	0,325	0,444	0,560	0,336	0,342	0,275	0,381	0,442	0,428	0,346	0,348	0,297
532	0,345	0,365	0,316	0,367	0,415	0,344	0,294	0,314	0,274	0,325	0,443	0,562	0,335	0,343	0,277	0,382	0,441	0,430	0,346	0,348	0,297
533	0,347	0,366	0,319	0,373	0,414	0,350	0,295	0,314	0,275	0,330	0,444	0,572	0,335	0,346	0,278	0,388	0,442	0,437	0,346	0,350	0,297
534	0,346	0,366	0,318	0,369	0,413	0,347	0,294	0,314	0,274	0,327	0,444	0,568	0,335	0,345	0,277	0,384	0,442	0,434	0,346	0,349	0,296
535	0,345	0,365	0,317	0,366	0,413	0,344	0,294	0,315	0,273	0,325	0,444	0,563	0,334	0,344	0,276	0,382	0,442	0,431	0,345	0,349	0,296
536	0,345	0,365	0,317	0,365	0,413	0,344	0,294	0,315	0,274	0,324	0,444	0,563	0,334	0,344	0,277	0,381	0,442	0,430	0,345	0,349	0,296
537	0,346	0,366	0,318	0,367	0,414	0,345	0,295	0,315	0,274	0,326	0,444	0,564	0,335	0,344	0,278	0,383	0,442	0,432	0,346	0,349	0,297
538	0,347	0,366	0,318	0,370	0,415	0,347	0,296	0,315	0,275	0,328	0,445	0,566	0,336	0,344	0,278	0,385	0,443	0,433	0,347	0,349	0,297
539	0,347	0,366	0,319	0,372	0,417	0,349	0,296	0,315	0,276	0,330	0,445	0,568	0,336	0,345	0,280	0,386	0,443	0,435	0,347	0,349	0,299
540	0,349	0,368	0,322	0,379	0,418	0,355	0,299	0,315	0,278	0,335	0,445	0,577	0,338	0,346	0,283	0,393	0,443	0,442	0,348	0,350	0,300
541	0,352	0,368	0,324	0,385	0,418	0,360	0,300	0,315	0,279	0,341	0,446	0,583	0,340	0,348	0,284	0,400	0,444	0,448	0,351	0,351	0,301
542	0,353	0,367	0,323	0,383	0,417	0,360	0,301	0,315	0,279	0,341	0,447	0,579	0,342	0,346	0,283	0,398	0,446	0,445	0,353	0,351	0,302
543	0,353	0,367	0,322	0,380	0,417	0,358	0,302	0,316	0,278	0,341	0,448	0,574	0,344	0,345	0,281	0,397	0,446	0,442	0,355	0,351	0,302
544	0,354	0,366	0,322	0,379	0,420	0,358	0,304	0,316	0,279	0,341	0,448	0,568	0,347	0,343	0,281	0,396	0,447	0,438	0,358	0,350	0,304
545	0,359	0,367	0,326	0,390	0,424	0,368	0,309	0,317	0,282	0,352	0,450	0,576	0,352	0,344	0,286	0,408	0,449	0,448	0,363	0,350	0,308
546	0,364	0,368	0,330	0,402	0,427	0,380	0,314	0,317	0,285	0,365	0,452	0,587	0,359	0,345	0,289	0,421	0,451	0,458	0,369	0,351	0,312
547	0,367	0,369	0,331	0,409	0,429	0,386	0,317	0,317	0,287	0,372	0,453	0,591	0,362	0,346	0,291	0,428	0,453	0,463	0,372	0,351	0,314
548	0,370	0,369	0,333	0,416	0,431	0,393	0,320	0,317	0,288	0,381	0,454	0,596	0,367	0,346	0,292	0,436	0,455	0,468	0,376	0,352	0,317
549	0,371	0,369	0,333	0,420	0,434	0,397	0,322	0,318	0,289	0,386	0,455	0,596	0,370	0,345	0,293	0,441	0,456	0,470	0,379	0,351	0,318
550	0,372	0,370	0,334	0,423	0,436	0,400	0,323	0,318	0,290	0,388	0,456	0,599	0,371	0,346	0,294	0,444	0,457	0,472	0,379	0,352	0,319
551	0,371	0,370	0,334	0,423	0,436	0,399	0,322	0,318	0,290	0,387	0,455	0,601	0,368	0,347	0,295	0,444	0,456	0,474	0,377	0,352	0,318
552	0,368	0,370	0,333	0,419	0,433	0,394	0,318	0,318	0,288	0,381	0,455	0,600	0,363	0,347	0,293	0,438	0,455	0,472	0,372	0,352	0,316
553	0,363	0,370	0,330	0,409	0,430	0,385	0,313	0,318	0,286	0,370	0,453	0,595	0,358	0,347	0,290	0,427	0,453	0,464	0,367	0,352	0,311
554	0,357	0,369	0,326	0,395	0,425	0,372	0,308	0,318	0,282	0,356	0,452	0,585	0,350	0,346	0,287	0,412	0,450	0,454	0,360	0,352	0,307
555	0,353	0,368	0,323	0,385	0,422	0,363	0,303	0,318	0,280	0,345	0,450	0,577	0,345	0,345	0,284	0,402	0,448	0,446	0,355	0,351	0,303
556	0,348	0,368	0,320	0,373	0,419	0,351	0,298	0,317	0,278	0,332	0,448	0,567	0,338	0,345	0,281	0,388	0,445	0,437	0,349	0,350	0,299
557	0,345	0,368	0,319	0,367	0,416	0,345	0,295	0,317	0,276	0,324	0,447	0,563	0,334	0,345	0,280	0,381	0,444	0,432	0,345	0,351	0,297
558	0,343	0,368	0,318	0,362	0,415	0,341	0,293	0,317	0,275	0,319	0,446	0,561	0,331	0,345	0,279	0,376	0,443	0,429	0,342	0,350	0,295
559	0,342	0,368	0,317	0,360	0,414	0,338	0,292	0,317	0,275	0,317	0,446	0,559	0,330	0,345	0,278	0,373	0,442	0,427	0,341	0,350	0,294
560	0,341	0,368	0,316	0,357	0,413	0,336	0,290	0,317	0,274	0,314	0,445	0,557	0,328	0,345	0,278	0,370	0,441	0,425	0,339	0,350	0,293
561	0,340	0,368	0,316	0,355	0,412	0,334	0,289	0,317	0,274	0,311	0,445	0,556	0,327	0,345	0,278	0,368	0,441	0,424	0,338	0,350	0,292
562	0,339	0,367	0,315	0,353	0,411	0,332	0,289	0,317	0,273	0,309	0,445	0,553	0,326	0,344	0,277	0,365	0,440	0,422	0,337	0,350	0,292
563	0,339	0,368	0,315	0,352	0,412	0,331	0,288	0,317	0,273	0,308	0,445	0,553	0,325	0,344	0,277	0,364	0,440	0,421	0,336	0,349	0,291
564	0,338	0,368	0,315	0,351	0,412	0,330	0,288	0,317	0,273	0,307	0,444	0,553	0,324	0,344	0,277	0,363	0,440	0,420	0,335	0,349	0,291
565	0,338	0,368	0,315	0,352	0,411	0,330	0,288	0,317	0,273	0,307	0,444	0,554	0,324	0,344	0,278	0,364	0,440	0,422	0,335	0,349	0,291
566	0,338	0,368	0,316	0,352	0,411	0,331	0,288	0,317	0,273	0,307	0,445	0,555	0,324	0,345	0,277	0,364	0,440	0,422	0,335	0,350	0,291
567	0,337	0,367	0,315	0,350	0,410	0,329	0,287	0,317	0,272	0,306	0,444	0,552	0,323	0,344	0,276	0,361	0,439	0,419	0,335	0,349	0,290
568	0,337	0,367	0,314	0,347	0,410	0,326	0,286	0,317	0,272	0,303	0,444	0,548	0,323	0,343	0,275	0,359	0,439	0,416	0,334	0,348	0,290
569	0,336	0,367	0,314	0,346	0,410	0,326	0,286	0,317	0,272	0,302	0,444	0,547	0,322	0,343	0,276	0,358	0,439	0,416	0,334	0,348	0,290
570	0,336	0,368	0,314	0,347	0,411	0,326	0,286	0,317	0,272	0,303	0,444	0,548	0,322	0,343	0,276	0,359	0,439	0,417	0,333	0,348	0,290
571	0,336	0,368	0,314	0,348	0,411	0,327	0,286	0,317	0,272	0,304	0,444	0,550	0,322	0,343	0,276	0,360	0,439	0,418	0,333	0,348	0,290
572	0,336	0,368	0,314	0,348	0,410	0,327	0,286	0,317	0,272	0,304	0,444	0,550	0,322	0,343	0,276	0,360	0,439	0,418	0,333	0,348	0,290
573	0,336	0,367	0,314	0,346	0,410	0,326	0,286	0,317	0,272	0,303	0,444	0,548	0,322	0,343	0,276	0,358	0,439	0,417	0,333	0,347	0,289
574	0,336	0,367	0,313	0,345	0,410	0,325	0,286	0,317	0,272	0,301	0,444	0,546	0,322	0,342	0,275	0,357	0,439	0,415	0,333	0,347	0,289
575	0,336	0,367	0,313	0,344	0,410	0,324	0,286	0,317	0,271	0,301	0,444	0,545	0,322	0,342	0,275	0,356	0,438	0,415	0,333	0,347	0,289
576	0,336	0,367	0,313	0,344	0,409	0,324	0,286	0,317	0,271	0,300	0,444	0,544	0,322	0,342	0,275	0,356	0,438	0,414	0,333	0,346	0,289
577	0,336	0,367	0,313	0,343	0,409	0,323	0,286	0,318	0,271	0,300	0,444	0,543	0,322	0,341	0,275	0,355	0,438	0,413	0,333	0,346	0,289
578	0,335	0,367	0,312	0,342	0,409	0,322	0,285	0,318	0,271	0,299	0,444	0,541	0,322	0,341	0,274	0,354	0,438	0,412	0,333	0,346	0,288
579	0,335	0,367	0,312	0,342	0,410	0,323	0,285	0,318	0,271	0,299	0,445	0,541	0,321	0,341	0,275	0,354	0,438	0,412	0,333	0,346	0,289
580	0,335	0,367	0,313	0,343	0,410	0,323	0,285	0,318	0,271	0,299	0,445	0,542	0,321	0,341	0,275	0,354	0,438	0,413	0,333	0,346	0,288
581	0,335	0,367	0,313	0,343	0,410	0,323	0,285	0,318	0,271	0,300	0,445	0,544	0,321	0,341	0,275	0,355	0,438	0,413	0,333	0,345	0,288
582	0,335	0,368	0,313	0,344	0,410	0,324	0,285	0,318	0,272	0,300	0,445	0,544	0,321	0,341	0,276	0,356	0,438	0,414	0,333	0,345	0,289
583	0,335	0,368	0,313	0,344	0,410	0,324	0,286	0,318	0,272	0,300	0,445	0,544	0,321	0,341	0,276	0,356	0,438	0,414	0,333	0,345	0,289
584	0,335	0,368	0,313	0,344	0,410	0,324	0,285	0,318	0,272	0,300	0,445	0,544	0,321	0,341	0,276	0,356	0,438	0,414	0,332	0,345	0,289
585	0,335	0,368	0,313	0,344	0,411	0,324	0,285	0,318	0,272	0,300	0,445	0,544	0,321	0,341	0,276	0,356	0,438	0,414	0,332	0,345	0,289
586	0,335	0,368	0,313	0,344	0,411	0,324	0,286	0,318	0,272	0,301	0,445	0,545	0,321	0,341	0,276	0,356	0,438	0,415	0,332	0,345	0,289
587	0,335	0,368	0,313	0,345	0,410	0,324	0,285	0,318	0,272	0,300	0,445	0,545	0,321	0,341	0,276	0,356	0,438	0,415	0,332	0,344	0,288
588	0,335	0,368	0,313	0,345	0,411	0,324	0,285	0,318	0,272	0,301	0,445	0,545	0,321	0,341	0,276	0,356	0,438	0,415	0,332	0,344	0,288
589	0,335	0,368	0,313	0,345	0,411	0,325	0,286	0,318	0,272	0,301	0,445	0,545	0,321	0,341	0,277	0,357	0,438	0,415	0,332	0,344	0,288
590	0,335	0,368	0,313	0,344	0,410	0,324	0,285	0,318	0,272	0,301	0,445	0,545	0,321	0,341	0,276	0,356	0,438	0,415	0,332	0,344	0,288
591	0,335	0,368	0,313	0,344	0,410	0,323	0,285	0,318	0,271	0,300	0,445	0,544	0,321	0,340	0,276	0,355	0,438	0,414	0,332	0,344	0,288
592	0,334	0,368	0,313	0,343	0,410	0,323	0,285	0,318	0,271	0,300	0,445	0,542	0,321	0,340	0,276	0,354	0,438	0,413	0,332	0,343	0,288
593	0,334	0,368	0,313	0,343	0,410	0,323	0,285	0,318	0,272	0,299	0,445	0,543	0,321	0,340	0,276	0,355	0,438	0,414	0,332	0,343	0,288
594	0,335	0,368	0,314	0,345	0,411	0,325	0,286	0,318	0,272	0,301	0,445	0,545	0,321	0,340	0,277	0,356	0,438	0,415	0,332	0,343	0,288
595	0,335	0,368	0,314	0,345	0,411	0,325	0,285	0,318	0,272	0,301	0,445	0,546	0,321	0,341	0,277	0,357	0,438	0,416	0,331	0,343	0,288
596	0,335	0,368	0,314	0,346	0,411	0,326	0,286	0,317	0,272	0,302	0,445	0,547	0,321	0,340	0,277	0,358	0,438	0,417	0,332	0,343	0,288
597	0,335	0,368	0,313	0,345	0,410	0,325	0,285	0,317	0,271	0,301	0,445	0,545	0,321	0,340	0,276	0,356	0,438	0,415	0,332	0,342	0,288
598	0,334	0,367	0,312	0,341	0,409	0,322	0,285	0,318	0,270	0,299	0,445	0,541	0,321	0,339	0,275	0,353	0,437	0,411	0,332	0,342	0,287
599	0,334	0,367	0,312	0,340	0,409	0,321	0,285	0,318	0,270	0,298	0,445	0,538	0,321	0,338	0,274	0,351	0,437	0,409	0,332	0,341	0,287
600	0,333	0,367	0,311	0,339	0,409	0,320	0,285	0,318	0,270	0,296	0,445	0,536	0,321	0,338	0,275	0,350	0,437	0,408	0,331	0,341	0,287
601	0,334	0,368	0,312	0,342	0,410	0,322	0,285	0,318	0,271	0,298	0,445	0,540	0,320	0,339	0,276	0,353	0,437	0,412	0,331	0,341	0,287
602	0,334	0,368	0,313	0,345	0,411	0,325	0,285	0,317	0,272	0,301	0,445	0,545	0,320	0,339	0,277	0,357	0,437	0,415	0,331	0,341	0,288
603	0,334	0,368	0,313	0,346	0,411	0,325	0,285	0,317	0,272	0,302	0,445	0,546	0,320	0,340	0,278	0,358	0,437	0,417	0,331	0,341	0,288
604	0,335	0,368	0,314	0,347	0,410	0,326	0,285	0,317	0,272	0,302	0,445	0,547	0,320	0,340	0,277	0,358	0,437	0,418	0,331	0,341	0,288
605	0,334	0,367	0,313	0,344	0,409	0,325	0,285	0,317	0,271	0,301	0,445	0,544	0,321	0,338	0,276	0,356	0,437	0,415	0,331	0,341	0,287
606	0,334	0,367	0,312	0,341	0,408	0,321	0,285	0,317	0,270	0,298	0,445	0,539	0,321	0,337	0,274	0,352	0,437	0,411	0,331	0,340	0,286
607	0,333	0,367	0,311	0,339	0,408	0,320	0,284	0,317	0,270	0,297	0,445	0,536	0,320	0,337	0,274	0,351	0,436	0,408	0,331	0,339	0,286
608	0,333	0,367	0,311	0,340	0,409	0,321	0,284	0,317	0,270	0,297	0,445	0,537	0,320	0,337	0,275	0,352	0,436	0,410	0,330	0,339	0,287
609	0,333	0,367	0,312	0,344	0,409	0,324	0,285	0,316	0,271	0,300	0,445	0,543	0,320	0,338	0,276	0,355	0,436	0,414	0,331	0,340	0,287
610	0,333	0,367	0,312	0,343	0,408	0,323	0,284	0,316	0,270	0,300	0,445	0,541	0,320	0,337	0,275	0,354	0,436	0,413	0,331	0,339	0,286
611	0,333	0,366	0,311	0,340	0,408	0,321	0,284	0,317	0,269	0,298	0,445	0,538	0,320	0,336	0,274	0,352	0,436	0,410	0,331	0,339	0,286
612	0,332	0,366	0,310	0,338	0,407	0,319	0,284	0,316	0,269	0,297	0,445	0,535	0,320	0,335	0,273	0,350	0,436	0,407	0,330	0,338	0,285
613	0,332	0,366	0,309	0,338	0,407	0,319	0,283	0,316	0,268	0,296	0,444	0,534	0,319	0,335	0,274	0,350	0,435	0,407	0,330	0,338	0,285
614	0,332	0,366	0,310	0,340	0,407	0,320	0,283	0,315	0,269	0,297	0,444	0,536	0,319	0,335	0,274	0,351	0,435	0,409	0,330	0,338	0,285
615	0,332	0,366	0,310	0,340	0,407	0,321	0,283	0,315	0,269	0,298	0,444	0,537	0,319	0,335	0,274	0,352	0,435	0,410	0,329	0,338	0,285
616	0,331	0,365	0,310	0,340	0,407	0,321	0,283	0,315	0,268	0,298	0,443	0,538	0,318	0,334	0,274	0,352	0,434	0,410	0,329	0,337	0,285
617	0,331	0,365	0,310	0,341	0,407	0,321	0,283	0,314	0,268	0,298	0,443	0,538	0,318	0,334	0,274	0,353	0,434	0,410	0,329	0,337	0,284
618	0,331	0,365	0,309	0,341	0,407	0,321	0,283	0,314	0,268	0,298	0,443	0,538	0,318	0,334	0,274	0,353	0,434	0,410	0,329	0,337	0,284
619	0,331	0,365	0,309	0,341	0,406	0,321	0,283	0,314	0,268	0,298	0,443	0,537	0,318	0,334	0,273	0,353	0,434	0,410	0,329	0,337	0,284
620	0,331	0,365	0,309	0,340	0,406	0,321	0,282	0,314	0,267	0,298	0,443	0,537	0,318	0,334	0,273	0,352	0,434	0,410	0,328	0,336	0,284
621	0,331	0,365	0,309	0,340	0,406	0,321	0,282	0,313	0,267	0,298	0,443	0,537	0,318	0,333	0,273	0,352	0,433	0,409	0,328	0,336	0,283
622	0,330	0,364	0,309	0,340	0,406	0,320	0,282	0,313	0,267	0,298	0,442	0,537	0,317	0,333	0,273	0,352	0,433	0,409	0,328	0,336	0,283
623	0,330	0,364	0,308	0,341	0,406	0,321	0,282	0,313	0,267	0,298	0,442	0,537	0,317	0,333	0,273	0,353	0,433	0,409	0,328	0,336	0,283
624	0,330	0,364	0,308	0,341	0,406	0,321	0,282	0,312	0,267	0,299	0,442	0,538	0,317	0,333	0,273	0,353	0,432	0,410	0,327	0,335	0,283
625	0,330	0,364	0,308	0,342	0,406	0,321	0,282	0,312	0,267	0,299	0,442	0,538	0,317	0,332	0,273	0,354	0,432	0,411	0,327	0,335	0,283
626	0,330	0,364	0,308	0,342	0,406	0,322	0,282	0,312	0,267	0,300	0,442	0,539	0,317	0,332	0,273	0,354	0,432	0,412	0,327	0,335	0,283
627	0,329	0,363	0,308	0,341	0,405	0,321	0,281	0,312	0,266	0,299	0,441	0,537	0,317	0,332	0,272	0,353	0,432	0,410	0,327	0,335	0,282
628	0,329	0,363	0,307	0,339	0,405	0,320	0,281	0,312	0,266	0,298	0,441	0,535	0,317	0,331	0,271	0,351	0,432	0,407	0,327	0,334	0,282
629	0,329	0,362	0,306	0,338	0,404	0,318	0,280	0,311	0,265	0,297	0,441	0,533	0,316	0,330	0,271	0,350	0,431	0,406	0,327	0,334	0,281
630	0,328	0,362	0,306	0,337	0,404	0,318	0,280	0,311	0,265	0,296	0,441	0,532	0,316	0,330	0,271	0,350	0,431	0,406	0,327	0,333	0,281
631	0,328	0,362	0,306	0,338	0,404	0,318	0,280	0,311	0,265	0,296	0,441	0,532	0,316	0,330	0,271	0,350	0,431	0,406	0,326	0,333	0,281
632	0,328	0,363	0,306	0,339	0,404	0,319	0,280	0,311	0,265	0,297	0,441	0,533	0,315	0,330	0,271	0,351	0,431	0,407	0,326	0,333	0,281
633	0,328	0,362	0,306	0,339	0,404	0,319	0,280	0,310	0,265	0,298	0,440	0,534	0,315	0,330	0,271	0,351	0,430	0,407	0,326	0,333	0,281
634	0,328	0,362	0,306	0,339	0,404	0,320	0,280	0,310	0,265	0,298	0,440	0,534	0,315	0,330	0,271	0,352	0,430	0,408	0,326	0,333	0,281
635	0,328	0,362	0,306	0,339	0,404	0,319	0,280	0,310	0,264	0,297	0,440	0,534	0,315	0,329	0,270	0,351	0,430	0,407	0,326	0,333	0,280
636	0,328	0,362	0,306	0,338	0,404	0,318	0,280	0,310	0,264	0,297	0,440	0,533	0,315	0,329	0,270	0,351	0,430	0,406	0,326	0,333	0,280
637	0,327	0,361	0,305	0,337	0,403	0,318	0,279	0,309	0,263	0,296	0,440	0,532	0,315	0,328	0,270	0,350	0,430	0,405	0,325	0,332	0,280
638	0,327	0,361	0,305	0,337	0,404	0,318	0,279	0,309	0,263	0,296	0,440	0,531	0,315	0,328	0,270	0,350	0,430	0,405	0,325	0,332	0,280
639	0,327	0,361	0,305	0,337	0,404	0,318	0,279	0,309	0,263	0,297	0,440	0,532	0,315	0,328	0,269	0,350	0,429	0,405	0,325	0,332	0,279
640	0,327	0,361	0,305	0,337	0,404	0,318	0,279	0,309	0,263	0,296	0,440	0,531	0,314	0,328	0,269	0,350	0,429	0,405	0,325	0,332	0,279
641	0,326	0,361	0,304	0,337	0,403	0,318	0,279	0,308	0,263	0,296	0,440	0,531	0,314	0,327	0,269	0,350	0,429	0,405	0,325	0,331	0,279
642	0,326	0,360	0,304	0,337	0,403	0,317	0,279	0,308	0,263	0,296	0,439	0,531	0,314	0,327	0,269	0,350	0,429	0,405	0,325	0,331	0,279
643	0,326	0,361	0,304	0,338	0,403	0,318	0,279	0,308	0,263	0,297	0,439	0,532	0,314	0,327	0,269	0,351	0,429	0,405	0,325	0,331	0,279
644	0,326	0,360	0,304	0,338	0,403	0,318	0,279	0,308	0,263	0,297	0,439	0,532	0,314	0,327	0,269	0,351	0,429	0,405	0,325	0,331	0,279
645	0,326	0,360	0,304	0,338	0,403	0,318	0,278	0,307	0,262	0,297	0,439	0,532	0,314	0,326	0,269	0,351	0,428	0,405	0,324	0,331	0,279
646	0,326	0,360	0,304	0,338	0,403	0,318	0,278	0,307	0,262	0,297	0,439	0,532	0,314	0,326	0,269	0,351	0,428	0,405	0,324	0,331	0,279
647	0,326	0,360	0,304	0,338	0,403	0,318	0,278	0,307	0,262	0,297	0,439	0,532	0,313	0,326	0,269	0,351	0,428	0,405	0,324	0,330	0,278
648	0,325	0,360	0,303	0,338	0,403	0,318	0,278	0,306	0,262	0,297	0,438	0,531	0,313	0,325	0,268	0,351	0,428	0,405	0,324	0,330	0,278
649	0,325	0,359	0,303	0,338	0,403	0,317	0,278	0,306	0,262	0,297	0,438	0,531	0,313	0,325	0,268	0,351	0,427	0,404	0,323	0,330	0,278
650	0,325	0,359	0,303	0,338	0,403	0,317	0,278	0,306	0,262	0,297	0,438	0,531	0,313	0,325	0,268	0,351	0,427	0,405	0,324	0,330	0,278


